ModelWeb Browser Results

nrlmsise model listing
Required input parameters
Year= 2000, Month=  1, Day=  1, Hour= 1.50,
Time_type = Universal
Coordinate_type = Geographic
Latitude=   55.00, Longitude=   45.00, Height=   100.00
Prof. parameters: Start=     0.00 Stop=  1000.00 Step=     1.00

Optional input parameters:

Sunspot number(Rz12) =not specified
Ionospheric index(IG12) =not specified
Upper limit for Electron content = not specified
F peak model =  
Ne Topside =  
foF2 Storm model =  
Bottomside Thickness =  
F1 occurrence probability =  
D-Region Ne =  
Topside Te =  
Ion Composition =  

Selected output parameters:
1  Height, km
2  Mass_density, g/cm-3
3  Temperature_neutral, K
4  Temperature_exospheric, K

1         2         3         4         
    0.0 1.293E-03  272.1  1027
    1.0 1.153E-03  268.9  1027
    2.0 1.034E-03  263.6  1027
    3.0 9.307E-04  256.9  1027
    4.0 8.373E-04  249.6  1027
    5.0 7.514E-04  242.1  1027
    6.0 6.712E-04  234.8  1027
    7.0 5.959E-04  228.3  1027
    8.0 5.253E-04  222.6  1027
    9.0 4.593E-04  218.1  1027
   10.0 3.982E-04  214.9  1027
   11.0 3.424E-04  213.2  1027
   12.0 2.927E-04  212.4  1027
   13.0 2.495E-04  212.3  1027
   14.0 2.125E-04  212.4  1027
   15.0 1.811E-04  212.2  1027
   16.0 1.548E-04  211.5  1027
   17.0 1.325E-04  210.4  1027
   18.0 1.134E-04  209.1  1027
   19.0 9.691E-05  207.8  1027
   20.0 8.269E-05  206.7  1027
   21.0 7.037E-05  206.0  1027
   22.0 5.976E-05  205.8  1027
   23.0 5.065E-05  205.9  1027
   24.0 4.286E-05  206.3  1027
   25.0 3.623E-05  207.2  1027
   26.0 3.060E-05  208.4  1027
   27.0 2.583E-05  209.9  1027
   28.0 2.180E-05  211.7  1027
   29.0 1.840E-05  213.9  1027
   30.0 1.554E-05  216.5  1027
   31.0 1.313E-05  219.4  1027
   32.0 1.110E-05  222.7  1027
   33.0 9.394E-06  226.2  1027
   34.0 7.970E-06  229.9  1027
   35.0 6.780E-06  233.6  1027
   36.0 5.783E-06  237.2  1027
   37.0 4.946E-06  240.8  1027
   38.0 4.242E-06  244.2  1027
   39.0 3.649E-06  247.5  1027
   40.0 3.148E-06  250.6  1027
   41.0 2.723E-06  253.3  1027
   42.0 2.362E-06  255.8  1027
   43.0 2.055E-06  257.8  1027
   44.0 1.793E-06  259.4  1027
   45.0 1.568E-06  260.5  1027
   46.0 1.376E-06  261.0  1027
   47.0 1.209E-06  261.0  1027
   48.0 1.064E-06  260.6  1027
   49.0 9.384E-07  259.7  1027
   50.0 8.280E-07  258.5  1027
   51.0 7.310E-07  257.0  1027
   52.0 6.455E-07  255.2  1027
   53.0 5.699E-07  253.2  1027
   54.0 5.029E-07  251.2  1027
   55.0 4.435E-07  249.0  1027
   56.0 3.908E-07  246.8  1027
   57.0 3.439E-07  244.6  1027
   58.0 3.023E-07  242.4  1027
   59.0 2.655E-07  240.2  1027
   60.0 2.328E-07  238.1  1027
   61.0 2.039E-07  236.0  1027
   62.0 1.783E-07  234.0  1027
   63.0 1.556E-07  232.1  1027
   64.0 1.356E-07  230.2  1027
   65.0 1.180E-07  228.5  1027
   66.0 1.025E-07  226.9  1027
   67.0 8.896E-08  225.4  1027
   68.0 7.707E-08  224.0  1027
   69.0 6.668E-08  222.8  1027
   70.0 5.761E-08  221.7  1027
   71.0 4.970E-08  220.8  1027
   72.0 4.283E-08  220.0  1027
   73.0 3.689E-08  219.4  1027
   74.0 3.177E-08  218.6  1027
   75.0 2.737E-08  217.6  1027
   76.0 2.358E-08  216.4  1027
   77.0 2.031E-08  215.1  1027
   78.0 1.750E-08  213.6  1027
   79.0 1.506E-08  212.0  1027
   80.0 1.296E-08  210.2  1027
   81.0 1.114E-08  208.4  1027
   82.0 9.570E-09  206.4  1027
   83.0 8.211E-09  204.4  1027
   84.0 7.037E-09  202.3  1027
   85.0 6.023E-09  200.2  1027
   86.0 5.147E-09  198.0  1027
   87.0 4.392E-09  195.7  1027
   88.0 3.742E-09  193.5  1027
   89.0 3.183E-09  191.3  1027
   90.0 2.702E-09  189.0  1027
   91.0 2.290E-09  186.8  1027
   92.0 1.937E-09  184.7  1027
   93.0 1.633E-09  182.7  1027
   94.0 1.373E-09  181.1  1027
   95.0 1.151E-09  179.9  1027
   96.0 9.613E-10  179.1  1027
   97.0 8.004E-10  178.8  1027
   98.0 6.643E-10  179.2  1027
   99.0 5.497E-10  180.3  1027
  100.0 4.535E-10  182.3  1027
  101.0 3.732E-10  185.3  1027
  102.0 3.067E-10  189.2  1027
  103.0 2.520E-10  194.1  1027
  104.0 2.072E-10  200.0  1027
  105.0 1.707E-10  206.9  1027
  106.0 1.409E-10  214.7  1027
  107.0 1.167E-10  223.6  1027
  108.0 9.707E-11  233.3  1027
  109.0 8.109E-11  244.0  1027
  110.0 6.809E-11  255.4  1027
  111.0 5.751E-11  267.5  1027
  112.0 4.884E-11  280.2  1027
  113.0 4.172E-11  293.5  1027
  114.0 3.582E-11  307.4  1027
  115.0 3.093E-11  321.9  1027
  116.0 2.684E-11  336.9  1027
  117.0 2.342E-11  352.3  1027
  118.0 2.054E-11  368.1  1027
  119.0 1.810E-11  384.2  1027
  120.0 1.604E-11  400.2  1027
  121.0 1.429E-11  416.2  1027
  122.0 1.280E-11  431.8  1027
  123.0 1.152E-11  446.8  1027
  124.0 1.045E-11  460.2   891
  125.0 9.501E-12  473.5   891
  126.0 8.672E-12  486.5   891
  127.0 7.942E-12  499.0   891
  128.0 7.296E-12  511.1   891
  129.0 6.722E-12  522.9   891
  130.0 6.210E-12  534.3   891
  131.0 5.750E-12  545.3   891
  132.0 5.337E-12  556.0   891
  133.0 4.964E-12  566.4   891
  134.0 4.627E-12  576.4   891
  135.0 4.320E-12  586.1   891
  136.0 4.041E-12  595.6   891
  137.0 3.787E-12  604.7   891
  138.0 3.554E-12  613.5   891
  139.0 3.340E-12  622.1   891
  140.0 3.143E-12  630.4   891
  141.0 2.962E-12  638.5   891
  142.0 2.795E-12  646.2   891
  143.0 2.641E-12  653.8   891
  144.0 2.498E-12  661.1   891
  145.0 2.365E-12  668.2   891
  146.0 2.241E-12  675.1   891
  147.0 2.126E-12  681.7   891
  148.0 2.019E-12  688.2   891
  149.0 1.919E-12  694.4   891
  150.0 1.825E-12  700.5   891
  151.0 1.738E-12  706.3   891
  152.0 1.656E-12  712.0   891
  153.0 1.578E-12  717.5   891
  154.0 1.506E-12  722.9   891
  155.0 1.438E-12  728.0   891
  156.0 1.374E-12  733.1   891
  157.0 1.313E-12  737.9   891
  158.0 1.256E-12  742.6   891
  159.0 1.202E-12  747.2   891
  160.0 1.151E-12  751.6   891
  161.0 1.102E-12  755.9   891
  162.0 1.056E-12  760.0   891
  163.0 1.013E-12  764.0   891
  164.0 9.722E-13  767.9   891
  165.0 9.333E-13  771.7   891
  166.0 8.963E-13  775.4   891
  167.0 8.612E-13  778.9   891
  168.0 8.277E-13  782.4   891
  169.0 7.959E-13  785.7   891
  170.0 7.656E-13  788.9   891
  171.0 7.368E-13  792.1   891
  172.0 7.092E-13  795.1   891
  173.0 6.829E-13  798.0   891
  174.0 6.579E-13  800.9   891
  175.0 6.339E-13  803.6   891
  176.0 6.110E-13  806.3   891
  177.0 5.892E-13  808.9   891
  178.0 5.682E-13  811.4   891
  179.0 5.482E-13  813.9   891
  180.0 5.290E-13  816.2   891
  181.0 5.106E-13  818.5   891
  182.0 4.930E-13  820.7   891
  183.0 4.762E-13  822.9   891
  184.0 4.600E-13  825.0   891
  185.0 4.445E-13  827.0   891
  186.0 4.296E-13  828.9   891
  187.0 4.153E-13  830.8   891
  188.0 4.015E-13  832.7   891
  189.0 3.883E-13  834.5   891
  190.0 3.757E-13  836.2   891
  191.0 3.635E-13  837.9   891
  192.0 3.517E-13  839.5   891
  193.0 3.405E-13  841.1   891
  194.0 3.296E-13  842.6   891
  195.0 3.192E-13  844.1   891
  196.0 3.091E-13  845.5   891
  197.0 2.994E-13  846.9   891
  198.0 2.901E-13  848.2   891
  199.0 2.811E-13  849.5   891
  200.0 2.724E-13  850.8   891
  201.0 2.641E-13  852.0   891
  202.0 2.560E-13  853.2   891
  203.0 2.482E-13  854.4   891
  204.0 2.407E-13  855.5   891
  205.0 2.335E-13  856.6   891
  206.0 2.265E-13  857.6   891
  207.0 2.198E-13  858.7   891
  208.0 2.133E-13  859.6   891
  209.0 2.070E-13  860.6   891
  210.0 2.009E-13  861.5   891
  211.0 1.950E-13  862.4   891
  212.0 1.893E-13  863.3   891
  213.0 1.839E-13  864.2   891
  214.0 1.786E-13  865.0   891
  215.0 1.734E-13  865.8   891
  216.0 1.685E-13  866.5   891
  217.0 1.637E-13  867.3   891
  218.0 1.590E-13  868.0   891
  219.0 1.545E-13  868.7   891
  220.0 1.502E-13  869.4   891
  221.0 1.460E-13  870.1   891
  222.0 1.419E-13  870.7   891
  223.0 1.380E-13  871.3   891
  224.0 1.342E-13  871.9   891
  225.0 1.305E-13  872.5   891
  226.0 1.269E-13  873.1   891
  227.0 1.234E-13  873.6   891
  228.0 1.200E-13  874.2   891
  229.0 1.168E-13  874.7   891
  230.0 1.136E-13  875.2   891
  231.0 1.105E-13  875.7   891
  232.0 1.076E-13  876.1   891
  233.0 1.047E-13  876.6   891
  234.0 1.019E-13  877.0   891
  235.0 9.919E-14  877.5   891
  236.0 9.657E-14  877.9   891
  237.0 9.402E-14  878.3   891
  238.0 9.154E-14  878.7   891
  239.0 8.914E-14  879.1   891
  240.0 8.681E-14  879.4   891
  241.0 8.455E-14  879.8   891
  242.0 8.235E-14  880.1   891
  243.0 8.022E-14  880.5   891
  244.0 7.815E-14  880.8   891
  245.0 7.614E-14  881.1   891
  246.0 7.419E-14  881.4   891
  247.0 7.229E-14  881.7   891
  248.0 7.045E-14  882.0   891
  249.0 6.866E-14  882.3   891
  250.0 6.692E-14  882.6   891
  251.0 6.523E-14  882.8   891
  252.0 6.359E-14  883.1   891
  253.0 6.200E-14  883.3   891
  254.0 6.044E-14  883.6   891
  255.0 5.894E-14  883.8   891
  256.0 5.747E-14  884.0   891
  257.0 5.605E-14  884.2   891
  258.0 5.466E-14  884.5   891
  259.0 5.331E-14  884.7   891
  260.0 5.200E-14  884.9   891
  261.0 5.073E-14  885.1   891
  262.0 4.949E-14  885.2   891
  263.0 4.828E-14  885.4   891
  264.0 4.710E-14  885.6   891
  265.0 4.596E-14  885.8   891
  266.0 4.485E-14  885.9   891
  267.0 4.377E-14  886.1   891
  268.0 4.272E-14  886.3   891
  269.0 4.169E-14  886.4   891
  270.0 4.069E-14  886.6   891
  271.0 3.972E-14  886.7   891
  272.0 3.878E-14  886.8   891
  273.0 3.786E-14  887.0   891
  274.0 3.696E-14  887.1   891
  275.0 3.609E-14  887.2   891
  276.0 3.524E-14  887.4   891
  277.0 3.441E-14  887.5   891
  278.0 3.360E-14  887.6   891
  279.0 3.282E-14  887.7   891
  280.0 3.205E-14  887.8   891
  281.0 3.130E-14  887.9   891
  282.0 3.058E-14  888.0   891
  283.0 2.987E-14  888.1   891
  284.0 2.918E-14  888.2   891
  285.0 2.851E-14  888.3   891
  286.0 2.785E-14  888.4   891
  287.0 2.721E-14  888.5   891
  288.0 2.659E-14  888.6   891
  289.0 2.598E-14  888.7   891
  290.0 2.539E-14  888.7   891
  291.0 2.481E-14  888.8   891
  292.0 2.425E-14  888.9   891
  293.0 2.370E-14  889.0   891
  294.0 2.317E-14  889.0   891
  295.0 2.264E-14  889.1   891
  296.0 2.214E-14  889.2   891
  297.0 2.164E-14  889.2   891
  298.0 2.116E-14  889.3   891
  299.0 2.068E-14  889.4   891
  300.0 2.022E-14  889.4   891
  301.0 1.977E-14  889.5   891
  302.0 1.933E-14  889.5   891
  303.0 1.890E-14  889.6   891
  304.0 1.849E-14  889.6   891
  305.0 1.808E-14  889.7   891
  306.0 1.768E-14  889.7   891
  307.0 1.729E-14  889.8   891
  308.0 1.691E-14  889.8   891
  309.0 1.654E-14  889.9   891
  310.0 1.618E-14  889.9   891
  311.0 1.583E-14  890.0   891
  312.0 1.549E-14  890.0   891
  313.0 1.515E-14  890.0   891
  314.0 1.482E-14  890.1   891
  315.0 1.450E-14  890.1   891
  316.0 1.419E-14  890.2   891
  317.0 1.388E-14  890.2   891
  318.0 1.358E-14  890.2   891
  319.0 1.329E-14  890.3   891
  320.0 1.301E-14  890.3   891
  321.0 1.273E-14  890.3   891
  322.0 1.246E-14  890.4   891
  323.0 1.219E-14  890.4   891
  324.0 1.193E-14  890.4   891
  325.0 1.168E-14  890.4   891
  326.0 1.143E-14  890.5   891
  327.0 1.119E-14  890.5   891
  328.0 1.095E-14  890.5   891
  329.0 1.072E-14  890.6   891
  330.0 1.050E-14  890.6   891
  331.0 1.028E-14  890.6   891
  332.0 1.006E-14  890.6   891
  333.0 9.851E-15  890.6   891
  334.0 9.645E-15  890.7   891
  335.0 9.444E-15  890.7   891
  336.0 9.247E-15  890.7   891
  337.0 9.055E-15  890.7   891
  338.0 8.867E-15  890.7   891
  339.0 8.683E-15  890.8   891
  340.0 8.503E-15  890.8   891
  341.0 8.328E-15  890.8   891
  342.0 8.156E-15  890.8   891
  343.0 7.988E-15  890.8   891
  344.0 7.824E-15  890.9   891
  345.0 7.663E-15  890.9   891
  346.0 7.506E-15  890.9   891
  347.0 7.352E-15  890.9   891
  348.0 7.202E-15  890.9   891
  349.0 7.055E-15  890.9   891
  350.0 6.911E-15  890.9   891
  351.0 6.771E-15  890.9   891
  352.0 6.633E-15  891.0   891
  353.0 6.498E-15  891.0   891
  354.0 6.367E-15  891.0   891
  355.0 6.238E-15  891.0   891
  356.0 6.112E-15  891.0   891
  357.0 5.989E-15  891.0   891
  358.0 5.868E-15  891.0   891
  359.0 5.750E-15  891.0   891
  360.0 5.635E-15  891.1   891
  361.0 5.522E-15  891.1   891
  362.0 5.411E-15  891.1   891
  363.0 5.303E-15  891.1   891
  364.0 5.197E-15  891.1   891
  365.0 5.093E-15  891.1   891
  366.0 4.992E-15  891.1   891
  367.0 4.892E-15  891.1   891
  368.0 4.795E-15  891.1   891
  369.0 4.700E-15  891.1   891
  370.0 4.607E-15  891.1   891
  371.0 4.516E-15  891.1   891
  372.0 4.427E-15  891.1   891
  373.0 4.339E-15  891.2   891
  374.0 4.254E-15  891.2   891
  375.0 4.170E-15  891.2   891
  376.0 4.088E-15  891.2   891
  377.0 4.008E-15  891.2   891
  378.0 3.929E-15  891.2   891
  379.0 3.852E-15  891.2   891
  380.0 3.777E-15  891.2   891
  381.0 3.703E-15  891.2   891
  382.0 3.631E-15  891.2   891
  383.0 3.560E-15  891.2   891
  384.0 3.491E-15  891.2   891
  385.0 3.423E-15  891.2   891
  386.0 3.356E-15  891.2   891
  387.0 3.291E-15  891.2   891
  388.0 3.227E-15  891.2   891
  389.0 3.165E-15  891.2   891
  390.0 3.104E-15  891.2   891
  391.0 3.044E-15  891.2   891
  392.0 2.985E-15  891.3   891
  393.0 2.928E-15  891.3   891
  394.0 2.871E-15  891.3   891
  395.0 2.816E-15  891.3   891
  396.0 2.762E-15  891.3   891
  397.0 2.709E-15  891.3   891
  398.0 2.657E-15  891.3   891
  399.0 2.607E-15  891.3   891
  400.0 2.557E-15  891.3   891
  401.0 2.508E-15  891.3   891
  402.0 2.460E-15  891.3   891
  403.0 2.413E-15  891.3   891
  404.0 2.368E-15  891.3   891
  405.0 2.323E-15  891.3   891
  406.0 2.278E-15  891.3   891
  407.0 2.235E-15  891.3   891
  408.0 2.193E-15  891.3   891
  409.0 2.152E-15  891.3   891
  410.0 2.111E-15  891.3   891
  411.0 2.071E-15  891.3   891
  412.0 2.032E-15  891.3   891
  413.0 1.994E-15  891.3   891
  414.0 1.956E-15  891.3   891
  415.0 1.920E-15  891.3   891
  416.0 1.884E-15  891.3   891
  417.0 1.848E-15  891.3   891
  418.0 1.814E-15  891.3   891
  419.0 1.780E-15  891.3   891
  420.0 1.746E-15  891.3   891
  421.0 1.714E-15  891.3   891
  422.0 1.682E-15  891.3   891
  423.0 1.651E-15  891.3   891
  424.0 1.620E-15  891.3   891
  425.0 1.590E-15  891.3   891
  426.0 1.560E-15  891.3   891
  427.0 1.531E-15  891.3   891
  428.0 1.503E-15  891.3   891
  429.0 1.475E-15  891.3   891
  430.0 1.448E-15  891.3   891
  431.0 1.421E-15  891.3   891
  432.0 1.395E-15  891.3   891
  433.0 1.369E-15  891.3   891
  434.0 1.344E-15  891.3   891
  435.0 1.319E-15  891.3   891
  436.0 1.295E-15  891.3   891
  437.0 1.271E-15  891.3   891
  438.0 1.248E-15  891.3   891
  439.0 1.225E-15  891.3   891
  440.0 1.203E-15  891.4   891
  441.0 1.181E-15  891.4   891
  442.0 1.159E-15  891.4   891
  443.0 1.138E-15  891.4   891
  444.0 1.117E-15  891.4   891
  445.0 1.097E-15  891.4   891
  446.0 1.077E-15  891.4   891
  447.0 1.058E-15  891.4   891
  448.0 1.039E-15  891.4   891
  449.0 1.020E-15  891.4   891
  450.0 1.001E-15  891.4   891
  451.0 9.832E-16  891.4   891
  452.0 9.654E-16  891.4   891
  453.0 9.480E-16  891.4   891
  454.0 9.310E-16  891.4   891
  455.0 9.142E-16  891.4   891
  456.0 8.978E-16  891.4   891
  457.0 8.817E-16  891.4   891
  458.0 8.659E-16  891.4   891
  459.0 8.504E-16  891.4   891
  460.0 8.352E-16  891.4   891
  461.0 8.202E-16  891.4   891
  462.0 8.056E-16  891.4   891
  463.0 7.912E-16  891.4   891
  464.0 7.771E-16  891.4   891
  465.0 7.633E-16  891.4   891
  466.0 7.498E-16  891.4   891
  467.0 7.365E-16  891.4   891
  468.0 7.234E-16  891.4   891
  469.0 7.106E-16  891.4   891
  470.0 6.980E-16  891.4   891
  471.0 6.857E-16  891.4   891
  472.0 6.736E-16  891.4   891
  473.0 6.617E-16  891.4   891
  474.0 6.501E-16  891.4   891
  475.0 6.387E-16  891.4   891
  476.0 6.274E-16  891.4   891
  477.0 6.164E-16  891.4   891
  478.0 6.056E-16  891.4   891
  479.0 5.950E-16  891.4   891
  480.0 5.846E-16  891.4   891
  481.0 5.744E-16  891.4   891
  482.0 5.644E-16  891.4   891
  483.0 5.546E-16  891.4   891
  484.0 5.450E-16  891.4   891
  485.0 5.355E-16  891.4   891
  486.0 5.262E-16  891.4   891
  487.0 5.171E-16  891.4   891
  488.0 5.081E-16  891.4   891
  489.0 4.994E-16  891.4   891
  490.0 4.907E-16  891.4   891
  491.0 4.823E-16  891.4   891
  492.0 4.740E-16  891.4   891
  493.0 4.658E-16  891.4   891
  494.0 4.578E-16  891.4   891
  495.0 4.500E-16  891.4   891
  496.0 4.423E-16  891.4   891
  497.0 4.347E-16  891.4   891
  498.0 4.273E-16  891.4   891
  499.0 4.200E-16  891.4   891
  500.0 4.128E-16  891.4   891
  501.0 4.058E-16  891.4   891
  502.0 3.989E-16  891.4   891
  503.0 3.922E-16  891.4   891
  504.0 3.855E-16  891.4   891
  505.0 3.790E-16  891.4   891
  506.0 3.726E-16  891.4   891
  507.0 3.663E-16  891.4   891
  508.0 3.601E-16  891.4   891
  509.0 3.541E-16  891.4   891
  510.0 3.481E-16  891.4   891
  511.0 3.423E-16  891.4   891
  512.0 3.366E-16  891.4   891
  513.0 3.309E-16  891.4   891
  514.0 3.254E-16  891.4   891
  515.0 3.200E-16  891.4   891
  516.0 3.147E-16  891.4   891
  517.0 3.094E-16  891.4   891
  518.0 3.043E-16  891.4   891
  519.0 2.993E-16  891.4   891
  520.0 2.943E-16  891.4   891
  521.0 2.894E-16  891.4   891
  522.0 2.847E-16  891.4   891
  523.0 2.800E-16  891.4   891
  524.0 2.754E-16  891.4   891
  525.0 2.709E-16  891.4   891
  526.0 2.664E-16  891.4   891
  527.0 2.621E-16  891.4   891
  528.0 2.578E-16  891.4   891
  529.0 2.536E-16  891.4   891
  530.0 2.494E-16  891.4   891
  531.0 2.454E-16  891.4   891
  532.0 2.414E-16  891.4   891
  533.0 2.375E-16  891.4   891
  534.0 2.337E-16  891.4   891
  535.0 2.299E-16  891.4   891
  536.0 2.262E-16  891.4   891
  537.0 2.225E-16  891.4   891
  538.0 2.190E-16  891.4   891
  539.0 2.155E-16  891.4   891
  540.0 2.120E-16  891.4   891
  541.0 2.086E-16  891.4   891
  542.0 2.053E-16  891.4   891
  543.0 2.020E-16  891.4   891
  544.0 1.988E-16  891.4   891
  545.0 1.957E-16  891.4   891
  546.0 1.926E-16  891.4   891
  547.0 1.895E-16  891.4   891
  548.0 1.866E-16  891.4   891
  549.0 1.836E-16  891.4   891
  550.0 1.807E-16  891.4   891
  551.0 1.779E-16  891.4   891
  552.0 1.751E-16  891.4   891
  553.0 1.724E-16  891.4   891
  554.0 1.697E-16  891.4   891
  555.0 1.671E-16  891.4   891
  556.0 1.645E-16  891.4   891
  557.0 1.619E-16  891.4   891
  558.0 1.594E-16  891.4   891
  559.0 1.570E-16  891.4   891
  560.0 1.545E-16  891.4   891
  561.0 1.522E-16  891.4   891
  562.0 1.498E-16  891.4   891
  563.0 1.476E-16  891.4   891
  564.0 1.453E-16  891.4   891
  565.0 1.431E-16  891.4   891
  566.0 1.409E-16  891.4   891
  567.0 1.388E-16  891.4   891
  568.0 1.367E-16  891.4   891
  569.0 1.346E-16  891.4   891
  570.0 1.326E-16  891.4   891
  571.0 1.306E-16  891.4   891
  572.0 1.286E-16  891.4   891
  573.0 1.267E-16  891.4   891
  574.0 1.248E-16  891.4   891
  575.0 1.230E-16  891.4   891
  576.0 1.212E-16  891.4   891
  577.0 1.194E-16  891.4   891
  578.0 1.176E-16  891.4   891
  579.0 1.159E-16  891.4   891
  580.0 1.142E-16  891.4   891
  581.0 1.125E-16  891.4   891
  582.0 1.108E-16  891.4   891
  583.0 1.092E-16  891.4   891
  584.0 1.076E-16  891.4   891
  585.0 1.061E-16  891.4   891
  586.0 1.045E-16  891.4   891
  587.0 1.030E-16  891.4   891
  588.0 1.015E-16  891.4   891
  589.0 1.001E-16  891.4   891
  590.0 9.865E-17  891.4   891
  591.0 9.724E-17  891.4   891
  592.0 9.586E-17  891.4   891
  593.0 9.450E-17  891.4   891
  594.0 9.316E-17  891.4   891
  595.0 9.184E-17  891.4   891
  596.0 9.055E-17  891.4   891
  597.0 8.927E-17  891.4   891
  598.0 8.802E-17  891.4   891
  599.0 8.679E-17  891.4   891
  600.0 8.558E-17  891.4   891
  601.0 8.439E-17  891.4   891
  602.0 8.322E-17  891.4   891
  603.0 8.207E-17  891.4   891
  604.0 8.094E-17  891.4   891
  605.0 7.983E-17  891.4   891
  606.0 7.874E-17  891.4   891
  607.0 7.766E-17  891.4   891
  608.0 7.661E-17  891.4   891
  609.0 7.557E-17  891.4   891
  610.0 7.454E-17  891.4   891
  611.0 7.354E-17  891.4   891
  612.0 7.255E-17  891.4   891
  613.0 7.158E-17  891.4   891
  614.0 7.062E-17  891.4   891
  615.0 6.968E-17  891.4   891
  616.0 6.875E-17  891.4   891
  617.0 6.784E-17  891.4   891
  618.0 6.695E-17  891.4   891
  619.0 6.607E-17  891.4   891
  620.0 6.520E-17  891.4   891
  621.0 6.435E-17  891.4   891
  622.0 6.351E-17  891.4   891
  623.0 6.269E-17  891.4   891
  624.0 6.188E-17  891.4   891
  625.0 6.108E-17  891.4   891
  626.0 6.029E-17  891.4   891
  627.0 5.952E-17  891.4   891
  628.0 5.876E-17  891.4   891
  629.0 5.801E-17  891.4   891
  630.0 5.728E-17  891.4   891
  631.0 5.655E-17  891.4   891
  632.0 5.584E-17  891.4   891
  633.0 5.514E-17  891.4   891
  634.0 5.445E-17  891.4   891
  635.0 5.377E-17  891.4   891
  636.0 5.311E-17  891.4   891
  637.0 5.245E-17  891.4   891
  638.0 5.180E-17  891.4   891
  639.0 5.117E-17  891.4   891
  640.0 5.054E-17  891.4   891
  641.0 4.993E-17  891.4   891
  642.0 4.932E-17  891.4   891
  643.0 4.872E-17  891.4   891
  644.0 4.814E-17  891.4   891
  645.0 4.756E-17  891.4   891
  646.0 4.699E-17  891.4   891
  647.0 4.643E-17  891.4   891
  648.0 4.588E-17  891.4   891
  649.0 4.534E-17  891.4   891
  650.0 4.480E-17  891.4   891
  651.0 4.428E-17  891.4   891
  652.0 4.376E-17  891.4   891
  653.0 4.325E-17  891.4   891
  654.0 4.275E-17  891.4   891
  655.0 4.225E-17  891.4   891
  656.0 4.177E-17  891.4   891
  657.0 4.129E-17  891.4   891
  658.0 4.082E-17  891.4   891
  659.0 4.035E-17  891.4   891
  660.0 3.989E-17  891.4   891
  661.0 3.944E-17  891.4   891
  662.0 3.900E-17  891.4   891
  663.0 3.856E-17  891.4   891
  664.0 3.813E-17  891.4   891
  665.0 3.771E-17  891.4   891
  666.0 3.729E-17  891.4   891
  667.0 3.688E-17  891.4   891
  668.0 3.648E-17  891.4   891
  669.0 3.608E-17  891.4   891
  670.0 3.569E-17  891.4   891
  671.0 3.530E-17  891.4   891
  672.0 3.492E-17  891.4   891
  673.0 3.455E-17  891.4   891
  674.0 3.418E-17  891.4   891
  675.0 3.381E-17  891.4   891
  676.0 3.346E-17  891.4   891
  677.0 3.310E-17  891.4   891
  678.0 3.275E-17  891.4   891
  679.0 3.241E-17  891.4   891
  680.0 3.207E-17  891.4   891
  681.0 3.174E-17  891.4   891
  682.0 3.141E-17  891.4   891
  683.0 3.109E-17  891.4   891
  684.0 3.077E-17  891.4   891
  685.0 3.046E-17  891.4   891
  686.0 3.015E-17  891.4   891
  687.0 2.984E-17  891.4   891
  688.0 2.954E-17  891.4   891
  689.0 2.925E-17  891.4   891
  690.0 2.896E-17  891.4   891
  691.0 2.867E-17  891.4   891
  692.0 2.838E-17  891.4   891
  693.0 2.811E-17  891.4   891
  694.0 2.783E-17  891.4   891
  695.0 2.756E-17  891.4   891
  696.0 2.729E-17  891.4   891
  697.0 2.703E-17  891.4   891
  698.0 2.677E-17  891.4   891
  699.0 2.651E-17  891.4   891
  700.0 2.626E-17  891.4   891
  701.0 2.601E-17  891.4   891
  702.0 2.576E-17  891.4   891
  703.0 2.552E-17  891.4   891
  704.0 2.528E-17  891.4   891
  705.0 2.504E-17  891.4   891
  706.0 2.481E-17  891.4   891
  707.0 2.458E-17  891.4   891
  708.0 2.436E-17  891.4   891
  709.0 2.413E-17  891.4   891
  710.0 2.391E-17  891.4   891
  711.0 2.370E-17  891.4   891
  712.0 2.348E-17  891.4   891
  713.0 2.327E-17  891.4   891
  714.0 2.306E-17  891.4   891
  715.0 2.286E-17  891.4   891
  716.0 2.266E-17  891.4   891
  717.0 2.246E-17  891.4   891
  718.0 2.226E-17  891.4   891
  719.0 2.206E-17  891.4   891
  720.0 2.187E-17  891.4   891
  721.0 2.168E-17  891.4   891
  722.0 2.149E-17  891.4   891
  723.0 2.131E-17  891.4   891
  724.0 2.113E-17  891.4   891
  725.0 2.095E-17  891.4   891
  726.0 2.077E-17  891.4   891
  727.0 2.059E-17  891.4   891
  728.0 2.042E-17  891.4   891
  729.0 2.025E-17  891.4   891
  730.0 2.008E-17  891.4   891
  731.0 1.992E-17  891.4   891
  732.0 1.975E-17  891.4   891
  733.0 1.959E-17  891.4   891
  734.0 1.943E-17  891.4   891
  735.0 1.927E-17  891.4   891
  736.0 1.912E-17  891.4   891
  737.0 1.896E-17  891.4   891
  738.0 1.881E-17  891.4   891
  739.0 1.866E-17  891.4   891
  740.0 1.851E-17  891.4   891
  741.0 1.837E-17  891.4   891
  742.0 1.822E-17  891.4   891
  743.0 1.808E-17  891.4   891
  744.0 1.794E-17  891.4   891
  745.0 1.780E-17  891.4   891
  746.0 1.766E-17  891.4   891
  747.0 1.752E-17  891.4   891
  748.0 1.739E-17  891.4   891
  749.0 1.726E-17  891.4   891
  750.0 1.713E-17  891.4   891
  751.0 1.700E-17  891.4   891
  752.0 1.687E-17  891.4   891
  753.0 1.674E-17  891.4   891
  754.0 1.662E-17  891.4   891
  755.0 1.649E-17  891.4   891
  756.0 1.637E-17  891.4   891
  757.0 1.625E-17  891.4   891
  758.0 1.613E-17  891.4   891
  759.0 1.601E-17  891.4   891
  760.0 1.590E-17  891.4   891
  761.0 1.578E-17  891.4   891
  762.0 1.567E-17  891.4   891
  763.0 1.556E-17  891.4   891
  764.0 1.545E-17  891.4   891
  765.0 1.534E-17  891.4   891
  766.0 1.523E-17  891.4   891
  767.0 1.512E-17  891.4   891
  768.0 1.501E-17  891.4   891
  769.0 1.491E-17  891.4   891
  770.0 1.480E-17  891.4   891
  771.0 1.470E-17  891.4   891
  772.0 1.460E-17  891.4   891
  773.0 1.450E-17  891.4   891
  774.0 1.440E-17  891.4   891
  775.0 1.430E-17  891.4   891
  776.0 1.421E-17  891.4   891
  777.0 1.411E-17  891.4   891
  778.0 1.401E-17  891.4   891
  779.0 1.392E-17  891.4   891
  780.0 1.383E-17  891.4   891
  781.0 1.374E-17  891.4   891
  782.0 1.365E-17  891.4   891
  783.0 1.356E-17  891.4   891
  784.0 1.347E-17  891.4   891
  785.0 1.338E-17  891.4   891
  786.0 1.329E-17  891.4   891
  787.0 1.320E-17  891.4   891
  788.0 1.312E-17  891.4   891
  789.0 1.304E-17  891.4   891
  790.0 1.295E-17  891.4   891
  791.0 1.287E-17  891.4   891
  792.0 1.279E-17  891.4   891
  793.0 1.271E-17  891.4   891
  794.0 1.263E-17  891.4   891
  795.0 1.255E-17  891.4   891
  796.0 1.247E-17  891.4   891
  797.0 1.239E-17  891.4   891
  798.0 1.231E-17  891.4   891
  799.0 1.224E-17  891.4   891
  800.0 1.216E-17  891.4   891
  801.0 1.209E-17  891.4   891
  802.0 1.201E-17  891.4   891
  803.0 1.194E-17  891.4   891
  804.0 1.187E-17  891.4   891
  805.0 1.180E-17  891.4   891
  806.0 1.172E-17  891.4   891
  807.0 1.165E-17  891.4   891
  808.0 1.158E-17  891.4   891
  809.0 1.151E-17  891.4   891
  810.0 1.145E-17  891.4   891
  811.0 1.138E-17  891.4   891
  812.0 1.131E-17  891.4   891
  813.0 1.124E-17  891.4   891
  814.0 1.118E-17  891.4   891
  815.0 1.111E-17  891.4   891
  816.0 1.105E-17  891.4   891
  817.0 1.098E-17  891.4   891
  818.0 1.092E-17  891.4   891
  819.0 1.086E-17  891.4   891
  820.0 1.080E-17  891.4   891
  821.0 1.073E-17  891.4   891
  822.0 1.067E-17  891.4   891
  823.0 1.061E-17  891.4   891
  824.0 1.055E-17  891.4   891
  825.0 1.049E-17  891.4   891
  826.0 1.043E-17  891.4   891
  827.0 1.038E-17  891.4   891
  828.0 1.032E-17  891.4   891
  829.0 1.026E-17  891.4   891
  830.0 1.020E-17  891.4   891
  831.0 1.015E-17  891.4   891
  832.0 1.009E-17  891.4   891
  833.0 1.004E-17  891.4   891
  834.0 9.980E-18  891.4   891
  835.0 9.926E-18  891.4   891
  836.0 9.872E-18  891.4   891
  837.0 9.818E-18  891.4   891
  838.0 9.765E-18  891.4   891
  839.0 9.712E-18  891.4   891
  840.0 9.660E-18  891.4   891
  841.0 9.608E-18  891.4   891
  842.0 9.557E-18  891.4   891
  843.0 9.506E-18  891.4   891
  844.0 9.455E-18  891.4   891
  845.0 9.405E-18  891.4   891
  846.0 9.355E-18  891.4   891
  847.0 9.306E-18  891.4   891
  848.0 9.257E-18  891.4   891
  849.0 9.208E-18  891.4   891
  850.0 9.160E-18  891.4   891
  851.0 9.113E-18  891.4   891
  852.0 9.065E-18  891.4   891
  853.0 9.018E-18  891.4   891
  854.0 8.972E-18  891.4   891
  855.0 8.925E-18  891.4   891
  856.0 8.879E-18  891.4   891
  857.0 8.834E-18  891.4   891
  858.0 8.789E-18  891.4   891
  859.0 8.744E-18  891.4   891
  860.0 8.699E-18  891.4   891
  861.0 8.655E-18  891.4   891
  862.0 8.611E-18  891.4   891
  863.0 8.568E-18  891.4   891
  864.0 8.525E-18  891.4   891
  865.0 8.482E-18  891.4   891
  866.0 8.440E-18  891.4   891
  867.0 8.397E-18  891.4   891
  868.0 8.356E-18  891.4   891
  869.0 8.314E-18  891.4   891
  870.0 8.273E-18  891.4   891
  871.0 8.232E-18  891.4   891
  872.0 8.191E-18  891.4   891
  873.0 8.151E-18  891.4   891
  874.0 8.111E-18  891.4   891
  875.0 8.071E-18  891.4   891
  876.0 8.032E-18  891.4   891
  877.0 7.992E-18  891.4   891
  878.0 7.954E-18  891.4   891
  879.0 7.915E-18  891.4   891
  880.0 7.877E-18  891.4   891
  881.0 7.838E-18  891.4   891
  882.0 7.801E-18  891.4   891
  883.0 7.763E-18  891.4   891
  884.0 7.726E-18  891.4   891
  885.0 7.689E-18  891.4   891
  886.0 7.652E-18  891.4   891
  887.0 7.616E-18  891.4   891
  888.0 7.579E-18  891.4   891
  889.0 7.543E-18  891.4   891
  890.0 7.508E-18  891.4   891
  891.0 7.472E-18  891.4   891
  892.0 7.437E-18  891.4   891
  893.0 7.402E-18  891.4   891
  894.0 7.367E-18  891.4   891
  895.0 7.332E-18  891.4   891
  896.0 7.298E-18  891.4   891
  897.0 7.264E-18  891.4   891
  898.0 7.230E-18  891.4   891
  899.0 7.196E-18  891.4   891
  900.0 7.163E-18  891.4   891
  901.0 7.130E-18  891.4   891
  902.0 7.097E-18  891.4   891
  903.0 7.064E-18  891.4   891
  904.0 7.031E-18  891.4   891
  905.0 6.999E-18  891.4   891
  906.0 6.967E-18  891.4   891
  907.0 6.935E-18  891.4   891
  908.0 6.903E-18  891.4   891
  909.0 6.872E-18  891.4   891
  910.0 6.840E-18  891.4   891
  911.0 6.809E-18  891.4   891
  912.0 6.778E-18  891.4   891
  913.0 6.748E-18  891.4   891
  914.0 6.717E-18  891.4   891
  915.0 6.687E-18  891.4   891
  916.0 6.656E-18  891.4   891
  917.0 6.627E-18  891.4   891
  918.0 6.597E-18  891.4   891
  919.0 6.567E-18  891.4   891
  920.0 6.538E-18  891.4   891
  921.0 6.508E-18  891.4   891
  922.0 6.479E-18  891.4   891
  923.0 6.450E-18  891.4   891
  924.0 6.422E-18  891.4   891
  925.0 6.393E-18  891.4   891
  926.0 6.365E-18  891.4   891
  927.0 6.337E-18  891.4   891
  928.0 6.309E-18  891.4   891
  929.0 6.281E-18  891.4   891
  930.0 6.253E-18  891.4   891
  931.0 6.225E-18  891.4   891
  932.0 6.198E-18  891.4   891
  933.0 6.171E-18  891.4   891
  934.0 6.144E-18  891.4   891
  935.0 6.117E-18  891.4   891
  936.0 6.090E-18  891.4   891
  937.0 6.064E-18  891.4   891
  938.0 6.037E-18  891.4   891
  939.0 6.011E-18  891.4   891
  940.0 5.985E-18  891.4   891
  941.0 5.959E-18  891.4   891
  942.0 5.933E-18  891.4   891
  943.0 5.907E-18  891.4   891
  944.0 5.882E-18  891.4   891
  945.0 5.856E-18  891.4   891
  946.0 5.831E-18  891.4   891
  947.0 5.806E-18  891.4   891
  948.0 5.781E-18  891.4   891
  949.0 5.756E-18  891.4   891
  950.0 5.731E-18  891.4   891
  951.0 5.707E-18  891.4   891
  952.0 5.682E-18  891.4   891
  953.0 5.658E-18  891.4   891
  954.0 5.634E-18  891.4   891
  955.0 5.610E-18  891.4   891
  956.0 5.586E-18  891.4   891
  957.0 5.562E-18  891.4   891
  958.0 5.539E-18  891.4   891
  959.0 5.515E-18  891.4   891
  960.0 5.492E-18  891.4   891
  961.0 5.469E-18  891.4   891
  962.0 5.446E-18  891.4   891
  963.0 5.423E-18  891.4   891
  964.0 5.400E-18  891.4   891
  965.0 5.377E-18  891.4   891
  966.0 5.354E-18  891.4   891
  967.0 5.332E-18  891.4   891
  968.0 5.310E-18  891.4   891
  969.0 5.287E-18  891.4   891
  970.0 5.265E-18  891.4   891
  971.0 5.243E-18  891.4   891
  972.0 5.221E-18  891.4   891
  973.0 5.199E-18  891.4   891
  974.0 5.178E-18  891.4   891
  975.0 5.156E-18  891.4   891
  976.0 5.135E-18  891.4   891
  977.0 5.113E-18  891.4   891
  978.0 5.092E-18  891.4   891
  979.0 5.071E-18  891.4   891
  980.0 5.050E-18  891.4   891
  981.0 5.029E-18  891.4   891
  982.0 5.008E-18  891.4   891
  983.0 4.988E-18  891.4   891
  984.0 4.967E-18  891.4   891
  985.0 4.947E-18  891.4   891
  986.0 4.926E-18  891.4   891
  987.0 4.906E-18  891.4   891
  988.0 4.886E-18  891.4   891
  989.0 4.866E-18  891.4   891
  990.0 4.846E-18  891.4   891
  991.0 4.826E-18  891.4   891
  992.0 4.806E-18  891.4   891
  993.0 4.787E-18  891.4   891
  994.0 4.767E-18  891.4   891
  995.0 4.748E-18  891.4   891
  996.0 4.728E-18  891.4   891
  997.0 4.709E-18  891.4   891
  998.0 4.690E-18  891.4   891
  999.0 4.671E-18  891.4   891

